HST                     
1 20580U 90037B   23364.55080833  .00005734  00000+0  28604-3 0  9995
2 20580  28.4706  39.5065 0002210 353.7267 134.0647 15.15367930651513
POLAR                   
1 23802U 96013A   23364.46279660  .00000243  00000+0  00000+0 0  9999
2 23802  79.0027 236.2525 5806026 239.5747  50.9593  1.29846983133155
SWAS                    
1 25560U 98071A   23365.17359223  .00003045  00000+0  26145-3 0  9996
2 25560  69.8995   7.4003 0008085 216.7696 143.2909 14.98539567362318
CXO                     
1 25867U 99040B   24001.27402385  .00000481  00000+0  00000+0 0  9999
2 25867  38.1544 171.5390 9015507 283.0801   0.1073  0.37814173 13920
XMM-NEWTON              
1 25989U 99066A   23358.45586432  .00000001  00000+0  00000+0 0  9990
2 25989  68.4509 295.4945 5325511  79.7505  93.8399  0.50132707 18476
TERRA                   
1 25994U 99068A   23365.80625976  .00000618  00000+0  13963-3 0  9992
2 25994  98.0724  69.0896 0002492 139.7052 333.7867 14.59513857278601
CLUSTER II-FM7 (SAMBA)  
1 26410U 00041A   24001.98411934  .00000952  00000+0  00000+0 0  9998
2 26410 137.6938 355.0509 7044262 209.6567 359.2697  0.44201447 28062
CLUSTER II-FM6 (SALSA)  
1 26411U 00041B   24001.98147245  .00002520  00000+0  00000+0 0  9993
2 26411 144.7920  10.3613 8676891 224.5974 359.3021  0.44219595 16363
CLUSTER II-FM5 (RUMBA)  
1 26463U 00045A   24001.97985972  .00002270  00000+0  00000+0 0  9992
2 26463 147.3325   8.4863 8180833 223.4549 359.2787  0.44217991 28645
CLUSTER II-FM8 (TANGO)  
1 26464U 00045B   24001.98415693  .00000952  00000+0  00000+0 0  9997
2 26464 137.7008 355.0468 7041211 209.6660 359.3088  0.44221541 16316
ODIN                    
1 26702U 01007A   23365.03305586  .00007133  00000+0  35232-3 0  9995
2 26702  97.4938  16.4210 0009417 141.2755 218.9155 15.18135323251819
TIMED                   
1 26998U 01055B   23364.89076945  .00001425  00000+0  14955-3 0  9999
2 26998  74.0704 239.7222 0002123 283.5358  76.5588 14.90561775196591
INTEGRAL                
1 27540U 02048A   23365.30120495 -.00000133  00000+0  00000+0 0  9991
2 27540  87.1966  28.9000 8698691 286.6504 219.1646  0.37583658 23249
CORIOLIS                
1 27640U 03001A   23364.97853372  .00000183  00000+0  10783-3 0  9998
2 27640  98.7148   9.9073 0013123 283.3979  76.5734 14.19370778 86594
SORCE                   
1 27651U 03004A   23365.34467678  .00003089  00000+0  30032-3 0  9992
2 27651  39.9949 312.6599 0018406 123.0842 237.1718 14.93555940137005
MOST                    
1 27843U 03031D   23365.54945974  .00000130  00000+0  80539-4 0  9999
2 27843  98.7075   9.9498 0009434 332.3613  27.7061 14.20880948 63075
SCISAT 1                
1 27858U 03036A   23364.89179717  .00000973  00000+0  13747-3 0  9992
2 27858  73.9316 154.7355 0006641  57.7720 302.4098 14.78692494 98384
SWIFT                   
1 28485U 04047A   23365.13151972  .00009096  00000+0  45144-3 0  9994
2 28485  20.5575 307.1233 0008969 257.6989 102.2443 15.14618496 48621
CLOUDSAT                
1 29107U 06016A   23365.51392037  .00000889  00000+0  17681-3 0  9991
2 29107  98.3998 338.9427 0003126  11.7927 348.3348 14.64611069941412
CALIPSO                 
1 29108U 06016B   23365.15287301  .00001711  00000+0  32903-3 0  9998
2 29108  98.4005 338.1237 0001286  88.6552 271.4798 14.64957666941215
HINODE (SOLAR-B)        
1 29479U 06041A   23365.64250967  .00000924  00000+0  17739-3 0  9994
2 29479  98.0979  18.3196 0016846 252.3111 107.6254 14.65940484923096
SJ-6C                   
1 29505U 06046A   23365.74818362  .00004997  00000+0  39596-3 0  9998
2 29505  97.7385  28.3718 0008089 357.2204   2.8974 15.00997511936870
SJ-6D                   
1 29506U 06046B   23365.85423516  .00001475  00000+0  13555-3 0  9999
2 29506  97.7550  27.3290 0002893 121.6674 238.4830 14.96329898936150
AGILE                   
1 31135U 07013A   23350.08251854  .00107066  00000+0  57419-3 0  9998
2 31135   2.4639 161.3495 0003314 233.1200 126.8551 15.78206954561928
FGRST (GLAST)           
1 33053U 08029A   23365.14669201  .00003455  00000+0  16169-3 0  9993
2 33053  25.5834 288.9107 0010967 221.9880 137.9816 15.15453646859110
WISE                    
1 36119U 09071A   23365.63242415  .00021332  00000+0  37390-3 0  9998
2 36119  97.1717  36.6784 0003097  72.8639 287.2952 15.50590735782048
SDO                     
1 36395U 10005A   23365.64843541 -.00000068  00000+0  00000+0 0  9999
2 36395  32.7788 100.2390 0002337 205.1013 285.7736  1.00269924 51024
CRYOSAT 2               
1 36508U 10013A   23365.84707317  .00000191  00000+0  46550-4 0  9997
2 36508  92.0309  60.2344 0005229 117.4229 242.7510 14.51904263727776
X-SAT                   
1 37389U 11015C   23365.77992658  .00000107  00000+0  63346-4 0  9993
2 37389  98.2953  14.0377 0015311 101.1047 259.1856 14.24608664660251
GCOM-W1 (SHIZUKU)       
1 38337U 12025A   23365.83492331  .00000902  00000+0  21084-3 0  9994
2 38337  98.2233 303.2870 0001445  91.5966 326.4617 14.57002974618201
NUSTAR                  
1 38358U 12031A   23359.40731327  .00007475  00000+0  61420-3 0  9991
2 38358   6.0258 266.5743 0009456 111.0828 249.0313 14.93957358628088
NEOSSAT                 
1 39089U 13009D   23365.10768470  .00000246  00000+0  10105-3 0  9995
2 39089  98.4016 191.9132 0012048  50.0094 310.2147 14.35018809567766
BRITE-AUSTRIA           
1 39091U 13009F   23365.11189572  .00000266  00000+0  10696-3 0  9996
2 39091  98.3830 192.3086 0011232  48.6038 311.6112 14.35642181568012
IRIS                    
1 39197U 13033A   23365.52911185  .00001884  00000+0  24775-3 0  9998
2 39197  97.9631 192.1140 0026790  11.3196 348.8613 14.81168346567136
HISAKI (SPRINT-A)       
1 39253U 13049A   23364.75080270  .00000131  00000+0  88330-4 0  9996
2 39253  29.7202 112.1844 0137202 285.9983  72.5515 13.55363797509307
CASSIOPE                
1 39265U 13055A   23364.86052201  .00016281  00000+0  36498-3 0  9991
2 39265  80.9567  23.0255 0535988  69.9183 295.8858 14.60569778533596
STSAT-3                 
1 39422U 13066G   23365.79541647  .00002364  00000+0  22909-3 0  9997
2 39422  97.5043 347.5667 0020612 199.5941 160.4490 14.93460482549673
SWARM B                 
1 39451U 13067A   23364.91482190  .00003429  00000+0  16387-3 0  9996
2 39451  87.7481 253.0393 0002877  80.7521 279.4048 15.18694040546299
SWARM A                 
1 39452U 13067B   23364.91917870  .00005164  00000+0  17881-3 0  9993
2 39452  87.3443  23.8255 0003259  78.2303 281.9312 15.29619227567863
SWARM C                 
1 39453U 13067C   23364.91910475  .00005300  00000+0  18354-3 0  9996
2 39453  87.3442  22.4222 0003268  78.2351 281.9265 15.29618714567828
BRITE-CA1 (TORONTO)     
1 40020U 14033L   23365.37390045  .00001580  00000+0  26620-3 0  9999
2 40020  97.8510 143.8128 0082994 271.0874  88.0824 14.68665570510190
OCO 2                   
1 40059U 14035A   23365.47720343  .00000810  00000+0  18983-3 0  9990
2 40059  98.2233 303.6702 0000814  69.1216 291.0070 14.57095020505187
BRITE-PL2 (HEWELIUSZ)   
1 40119U 14049B   23365.25806216  .00002022  00000+0  22770-3 0  9998
2 40119  97.8827 100.9161 0015915 195.9121 164.1597 14.87681579507545
RESURS P2               
1 40360U 14087A   23365.78440828  .00015326  00000+0  27229-3 0  9994
2 40360  97.1681  87.4167 0006380 193.4595 166.6488 15.50257658504904
MMS 1                   
1 40482U 15011A   23364.83334491 -.00001180  00000+0  00000+0 0  9998
2 40482  37.2159  28.7456 9166225 131.0214 101.1268  0.28419192  1301
MMS 2                   
1 40483U 15011B   23364.83334491 -.00001180  00000+0  00000+0 0  9999
2 40483  37.2121  28.7828 9165358 130.9907 101.1544  0.28420190  1304
MMS 3                   
1 40484U 15011C   23364.83334491 -.00001180  00000+0  00000+0 0  9990
2 40484  37.2148  28.7517 9164530 131.0153 101.1298  0.28419212  1304
MMS 4                   
1 40485U 15011D   23364.83334491 -.00001181  00000+0  00000+0 0  9992
2 40485  37.2184  28.7522 9165405 131.0059 101.1632  0.28419223 14878
ASTROSAT                
1 40930U 15052A   23363.67453732  .00002334  00000+0  22700-3 0  9998
2 40930   5.9988 138.8061 0007724 178.9820 181.0324 14.78248722446131
DAMPE                   
1 41173U 15078A   23365.88722375  .00001603  00000+0  64417-4 0  9993
2 41173  97.4198 355.3257 0013812  24.0461 336.1420 15.26343617447303
PISAT                   
1 41784U 16059B   23364.76734147  .00001322  00000+0  25196-3 0  9995
2 41784  97.8506  29.4542 0030714 189.0893 170.9759 14.65283934387843
HXMT (HUIYAN)           
1 42758U 17034A   23365.78091681  .00006020  00000+0  32960-3 0  9990
2 42758  43.0146 127.5373 0003055 224.2276 135.8327 15.14881352361302
FLYING LAPTOP           
1 42831U 17042G   23365.80234145  .00002892  00000+0  27573-3 0  9995
2 42831  97.3801 191.6636 0011694 284.9005  75.0920 14.94029259351983
ZHANGZHENG-1 (CSES)     
1 43194U 18015C   23365.77855297  .00011276  00000+0  50609-3 0  9994
2 43194  97.5871 143.1019 0014613  34.5307 325.6875 15.21259241328096
SALSAT                  
1 46495U 20068K   23365.80804812  .00005428  00000+0  33490-3 0  9994
2 46495  97.7967 316.5022 0015023 161.0007 199.1785 15.10264304178877
IXPE                    
1 49954U 21121A   23365.40548160  .00004684  00000+0  33696-3 0  9996
2 49954   0.2288 203.9877 0010111 297.7362 218.3474 14.95978696112567